geocommit (1.0)
lat: 50.8128529
long: 4.3807414
hacc: 30.0
src: nmg
