geocommit (1.0)
lat: 48.1354627
long: 11.5856459
hacc: 30.0
src: nmg
