geocommit (1.0)
lat: 48.1711715
long: 11.5887803
hacc: 30.0
src: nmg
