geocommit (1.0)
lat: 50.8128243
long: 4.3807014
hacc: 30.0
src: nmg
