geocommit (1.0)
lat: 48.1711623
long: 11.5887367
hacc: 30.0
src: nmg
