geocommit (1.0)
lat: 50.8869902
long: 4.4482529
hacc: 51.0
src: nmg
