geocommit (1.0)
lat: 50.8128143
long: 4.3807133
hacc: 30.0
src: nmg
