geocommit (1.0)
lat: 50.8128027
long: 4.3807437
hacc: 30.0
src: nmg
