geocommit (1.0)
lat: 50.8870618
long: 4.4481666
hacc: 34.0
src: nmg
