geocommit (1.0)
lat: 50.8129088
long: 4.3807762
hacc: 30.0
src: nmg
