geocommit (1.0)
lat: 50.8866452
long: 4.4487179
hacc: 42.0
src: nmg
