geocommit (1.0)
lat: 48.1712222
long: 11.5887112
hacc: 26.0
src: nmg
