geocommit (1.0)
lat: 50.8128847
long: 4.3807752
hacc: 30.0
src: nmg
