geocommit (1.0)
lat: 50.812915
long: 4.3806374
hacc: 30.0
src: nmg
