geocommit (1.0)
lat: 48.1712385
long: 11.5886748
hacc: 43.0
src: nmg
