geocommit (1.0)
lat: 48.1711695
long: 11.5887373
hacc: 21.0
src: nmg
