geocommit (1.0)
lat: 50.812833
long: 4.3807258
hacc: 30.0
src: nmg
