geocommit (1.0)
lat: 50.8870777
long: 4.4481615
hacc: 33.0
src: nmg
