geocommit (1.0)
lat: 48.1712046
long: 11.5886817
hacc: 30.0
src: nmg
