geocommit (1.0)
lat: 48.1712003
long: 11.588684
hacc: 26.0
src: nmg
