geocommit (1.0)
lat: 48.1711834
long: 11.5886978
hacc: 30.0
src: nmg
