geocommit (1.0)
lat: 50.8128639
long: 4.3806945
hacc: 30.0
src: nmg
