geocommit (1.0)
lat: 50.8128169
long: 4.3807257
hacc: 30.0
src: nmg
