geocommit (1.0)
lat: 50.8128704
long: 4.3807655
hacc: 30.0
src: nmg
