geocommit (1.0)
lat: 48.1415053
long: 11.4244581
hacc: 29.0
src: nmg
