geocommit (1.0)
lat: 48.1712392
long: 11.5887003
hacc: 30.0
src: nmg
