geocommit (1.0)
lat: 48.1712025
long: 11.5886971
hacc: 30.0
src: nmg
