geocommit (1.0)
lat: 48.1711742
long: 11.5887029
hacc: 30.0
src: nmg
