geocommit (1.0)
lat: 48.1419199
long: 11.5491593
hacc: 37.0
src: nmg
