geocommit (1.0)
lat: 50.8363032
long: 4.3629184
hacc: 156.0
src: nmg
