geocommit (1.0)
lat: 48.1415185
long: 11.4244493
hacc: 28.0
src: nmg
