geocommit (1.0)
lat: 50.8128255
long: 4.3807235
hacc: 30.0
src: nmg
