geocommit (1.0)
lat: 48.1711913
long: 11.5887239
hacc: 30.0
src: nmg
