geocommit (1.0)
lat: 50.8127932
long: 4.3807065
hacc: 24.0
src: nmg
